% date | month | susceptible | active | recovered | deceased | daily
25	3	10373760	379     24      37	45
26	3	10373685	437     29      49	75
27	3	10373676	442     31      51	9
28	3	10373597	498     43      62	79
29	3	10373553	535     46      66	44
30	3	10373480	596     48      76	73
31	3	10373406	655     51      88	74
1	4	10373406	655     51      88	0
2	4	10373315	743     52      90	91
3	4	10373210	836     56      98	105
4	4	10373129	914     58      99	81
5	4	10373057	974     58      111	72
6	4	10372932	1075	67      126	125
7	4	10372805	1193	69      133	127
8	4	10372648	1333	75      144	157
9	4	10372568	1401	82      149	80
10	4	10372390	1572	82      156	178
11	4	10372297	1593	142     168	93
12	4	10372118	1745	142     195	179
13	4	10371958	1891	142     209	160
14	4	10371851	1943	163     243	107
15	4	10371753	2037	164     246	98
16	4	10371530	2220	202     248	223
17	4	10371377	2370	203     250	153
18	4	10371298	2439	206     257	79
19	4	10371167	2534	207     292	131
20	4	10371088	2578	237     297	79
21	4	10370921	2688	286     305	167
22	4	10370801	2800	291     308	120
23	4	10370694	2898	292     316	107
24	4	10370595	2947	327     331	99
25	4	10370519	2997	334     350	76
26	4	10370454	3051	338     357	65
27	4	10370368	3119	338     375	86
28	4	10370250	3230	341     379	118
29	4	10370167	3240	412     381	83
30	4	10370062	3345	412     381	105
1	5	10369917	3465	425     393	145
2	5	10369845	3393	562     400	72
3	5	10369783	3385	622     410	62
4	5	10369728	3410	650     412	55
5	5	10369559	3516	711     414	169
6	5	10369491	3576	713     420	68
7	5	10369425	3627	718     430	66
8	5	10369299	3707	763     431	126
9	5	10369242	3754	767     437	57
10	5	10369060	3893	803     444	182
11	5	10369005	3906	836     453	55
12	5	10368897	3584	1262	457	108
13	5	10368763	3699	1277	461	134
14	5	10368583	3872	1279	466	180
15	5	10368521	3919	1286	474	62
16	5	10368405	4028	1292	475	116
17	5	10368278	4149	1295	478	127
18	5	10368204	4212	1301	483	74
19	5	10368147	4149	1417	487	57
20	5	10368050	4232	1425	493	97
21	5	10367980	4186	1536	498	70
22	5	10367884	4257	1558	501	96
23	5	10367757	4352	1587	504	127
24	5	10367639	4462	1594	505	118
25	5	10367572	4474	1648	506	67
26	5	10367511	4503	1678	508	61
27	5	10367374	4618	1698	510	137
28	5	10367271	4696	1719	514	103
29	5	10367147	4729	1807	517	124
30	5	10367049	4629	2003	519	98
31	5	10366928	4650	2102	520	121
1	6	10366817	4616	2246	521	111
2	6	10366741	4529	2405	525	76
3	6	10366661	4476	2534	529	80
4	6	10366600	4463	2607	530	61
5	6	10366516	4401	2751	532	84
6	6	10366414	4411	2840	535	102
7	6	10366254	4239	3170	537	160
8	6	10366163	4294	3205	538	91
9	6	10365924	4360	3369	547	239
10	6	10365777	4355	3517	551	147
11	6	10365648	4333	3664	555	129
12	6	10365572	4287	3780	561	76
13	6	10365452	4344	3840	564	120
14	6	10365337	4201	4091	571	115
15	6	10365232	4190	4198	580	105
16	6	10365108	4180	4329	583	124
17	6	10364991	4177	4444	588	117
18	6	10364815	4199	4592	594	176
19	6	10364675	4244	4682	599	140
20	6	10364497	4279	4821	603	178
21	6	10364370	4161	5054	615	127
22	6	10364243	4211	5128	618	127
23	6	10364077	4276	5228	619	166
24	6	10363923	4327	5322	628	154
25	6	10363728	4406	5435	631	195
26	6	10363560	4466	5542	632	168
27	6	10363347	4611	5610	632	213
28	6	10363215	4485	5865	635	132
29	6	10363120	4326	6118	636	95
30	6	10362924	4123	6512	641	196
1	7	10362718	4158	6680	644	206
2	7	10362523	4160	6871	646	195
3	7	10362376	4067	7109	648	147
4	7	10362161	4012	7377	650	215
5	7	10361905	3974	7663	658	256
6	7	10361674	3835	8033	658	231
7	7	10361475	3784	8277	664	199
8	7	10361131	3973	8429	667	344
9	7	10360841	4035	8647	677	290
10	7	10360602	4089	8825	684	239
11	7	10360243	4227	9040	690	359
12	7	10359839	4459	9200	702	404
13	7	10359561	4521	9408	710	278
14	7	10359286	4672	9528	714	275
15	7	10359027	4732	9721	720	259
16	7	10358734	4887	9857	722	293
%17	7	10358493	4982	9994	731	241
%18	7	10358162	5181	10117	740	331
%19	7	10357849	5159	10444	748	313
%20	7	10357488	5361	10602	749	361
%21	7	10357047	5531	10864	758	441
%22	7	10356671	5576	11187	766	376
%23	7	10356255	5876	11302	767	416
%24	7	10355970	5877	11585	768	285
%25	7	10355577	6139	11715	769	393
%26	7	10355199	6333	11889	779	378
%27	7	10354727	6695	11996	782	472
%28	7	10354315	6717	12373	795	412
%29	7	10353730	7037	12613	820	585
%30	7	10353431	7147	12801	821	299
%31	7	10352999	7157	13208	836	432
%1	8	10352625	6836	13887	852	374
%2	8	10352246	7075	14027	852	379
%3	8	10351757	7411	14165	867	489
%4	8	10351291	7648	14381	880	466
%5	8	10350934	7611	14760	895	357
%6	8	10350337	7949	15006	908	597